0
0
0
1
41
0
255
255
0
17
0
0
0
9
255
0
1
3
0
1
6
0
0
0
0
0
0
5
0
12
0
0
0
0
0
0
0
255
0
255
0
0
0
3
8
0
3
0
0
0
141
24
0
255
10
5
0
252
255
255
0
255
0
0
0
31
17
0
0
127
9
25
0
0
5
6
255
0
0
11
6
1
7
6
0
0
0
0
0
0
0
0
5
0
0
0
255
0
0
255
10
158
255
0
39
11
29
5
4
0
0
0
0
228
0
255
209
6
1
255
0
0
255
82
2
0
12
26
0
0
255
111
13
19
0
0
0
22
255
255
0
0
0
1
0
0
2
0
255
255
255
255
255
0
0
0
255
255
255
255
255
255
12
0
255
0
45
4
0
2
0
2
8
0
0
110
26
0
255
18
255
255
0
255
84
0
1
17
38
20
0
0
255
0
20
14
0
0
2
8
0
255
255
255
0
0
0
6
0
0
255
255
255
255
255
255
0
0
255
0
255
0
13
14
0
0
255
0
23
12
8
5
3
11
17
15
0
0
215
0
255
165
255
0
255
59
0
11
11
45
0
4
0
0
255
0
18
19
0
0
0
16
0
0
255
255
0
255
0
0
0
0
255
0
0
0
0
255
255
255
255
0
255
255
9
12
0
0
255
0
5
8
12
0
0
17
9
1
0
0
75
12
0
255
255
255
74
0
43
0
68
0
0
0
12
0
255
111
19
34
2
0
9
26
8
17
255
0
0
0
0
0
0
0
0
0
125
162
0
0
0
0
255
255
0
255
16
11
11
0
255
0
0
0
19
0
8
13
0
0
0
0
0
195
61
0
255
0
0
25
10
0
0
0
255
0
30
0
0
93
7
7
0
0
9
13
11
0
255
255
0
0
0
255
0
1
18
0
3
0
0
22
74
0
0
255
255
255
27
2
0
0
255
0
4
0
14
21
0
0
0
0
0
0
0
0
178
0
184
0
36
0
0
0
0
255
255
0
23
0
255
73
0
10
0
0
0
4
0
7
3
255
0
255
255
255
0
0
0
0
0
41
18
0
2
22
0
0
0
255
201
20
10
0
255
0
24
0
0
0
0
0
10
0
0
0
0
0
0
255
66
20
23
0
0
0
255
0
255
0
41
0
255
0
20
28
0
0
0
16
0
0
0
255
255
191
0
255
255
0
0
0
0
0
16
16
16
17
0
23
0
0
255
213
11
0
255
0
53
0
255
255
0
9
16
0
3
0
0
0
255
18
0
12
0
0
0
127
255
0
255
0
43
0
255
0
13
13
4
0
0
6
3
7
18
27
0
3
21
0
255
0
0
0
0
7
69
32
0
0
20
54
65
0
0
255
231
0
255
0
30
0
255
251
0
0
4
0
5
5
0
255
22
0
27
0
0
0
200
255
169
0
255
0
48
0
255
0
29
13
4
0
0
13
0
17
26
0
0
14
0
214
255
0
22
15
0
6
0
0
28
82
29
0
0
44
51
0
255
155
255
0
37
0
255
0
255
0
0
0
2
0
0
255
0
33
0
20
0
159
255
0
0
0
255
0
45
0
255
0
21
15
0
0
0
24
237
255
232
3
0
0
244
255
0
0
24
0
0
0
0
85
56
6
0
0
0
0
72
25
0
158
255
0
28
0
255
0
119
255
0
0
0
0
255
102
46
0
0
0
160
255
0
0
20
0
255
0
30
0
255
0
13
17
12
0
2
19
255
0
255
2
0
242
255
0
0
0
0
0
0
80
96
22
0
0
30
19
11
4
0
64
0
255
255
0
32
0
255
0
0
255
0
0
0
255
44
0
17
0
7
0
255
0
0
39
0
0
255
0
29
0
255
0
6
6
0
0
0
224
255
0
255
16
0
246
0
0
0
0
255
0
165
47
1
0
36
15
13
0
0
0
14
0
0
0
255
0
26
0
255
0
0
255
0
192
0
255
0
37
26
9
0
29
255
0
44
27
11
0
255
0
40
0
255
0
0
21
0
0
0
255
0
0
255
18
0
255
255
255
0
255
0
0
0
0
0
42
6
4
0
7
8
3
6
19
3
16
0
0
46
0
255
0
255
0
0
45
0
255
0
19
0
0
153
255
0
0
36
10
25
0
255
0
37
0
255
92
14
29
13
0
29
255
0
255
162
0
27
6
254
0
255
0
0
0
19
45
21
15
0
0
26
23
28
29
0
14
7
79
206
0
0
0
255
0
0
0
0
0
0
255
0
14
0
0
231
0
0
42
0
0
3
0
255
0
35
0
0
255
13
24
6
0
18
255
0
255
178
0
0
6
255
255
0
0
0
7
46
0
29
0
0
8
0
0
4
0
0
35
19
18
45
93
0
0
0
0
61
0
0
12
0
255
0
0
0
108
255
0
38
16
0
0
3
0
255
0
56
123
0
255
10
17
0
0
18
255
0
0
255
0
5
255
255
0
0
0
13
4
27
1
0
15
17
0
20
28
0
19
34
9
0
0
0
39
40
59
57
12
0
59
0
127
0
255
0
0
0
255
0
0
25
0
0
0
0
0
255
0
40
108
0
255
18
20
1
0
13
255
0
0
255
167
232
255
0
0
0
41
6
0
0
30
25
11
26
0
0
0
24
38
11
19
0
0
0
7
45
3
0
0
41
70
0
0
0
201
16
0
83
255
0
42
15
6
4
10
0
0
255
0
32
97
0
255
21
24
0
0
0
255
0
0
0
255
255
0
0
0
45
0
0
4
0
0
0
0
39
8
17
36
31
18
0
0
0
11
47
20
0
0
3
6
152
0
0
0
255
114
0
125
255
0
0
26
0
4
0
3
0
194
255
0
37
100
0
255
20
9
0
0
0
255
0
0
0
255
255
0
255
0
11
0
19
0
0
255
255
0
0
0
0
0
0
0
0
10
45
47
0
0
0
24
62
0
0
0
255
0
114
0
4
255
0
0
28
1
0
0
0
4
0
255
0
0
42
103
0
255
8
21
16
5
0
255
0
66
0
255
255
255
0
0
0
0
0
0
255
255
255
0
255
255
255
255
255
0
50
73
31
20
0
24
49
0
0
0
255
255
0
255
75
0
0
255
0
30
15
3
0
0
0
0
0
255
0
0
34
102
0
255
19
12
5
2
0
255
0
125
0
0
255
0
0
0
0
0
255
255
255
0
51
255
189
35
162
101
255
0
88
54
0
2
34
0
0
0
255
255
0
0
255
17
0
0
77
255
0
44
0
1
0
5
0
0
0
185
255
0
27
92
0
255
15
19
11
0
10
255
0
0
0
255
0
255
255
255
0
255
255
0
0
0
107
0
89
0
255
0
0
0
12
0
0
21
0
0
255
255
0
0
0
255
9
0
0
0
255
0
0
31
12
0
0
0
1
4
0
0
255
0
36
96
0
255
5
17
0
0
11
205
255
0
0
255
255
239
18
255
255
145
0
0
109
0
54
0
0
230
255
0
143
7
8
0
0
0
0
255
187
255
0
0
255
0
0
36
0
0
255
0
80
1
0
10
0
0
2
0
6
0
255
0
33
106
0
255
0
16
0
0
0
35
255
0
0
255
0
5
60
105
9
0
122
0
89
0
0
0
156
255
0
0
0
0
0
0
15
18
0
255
76
255
0
255
30
0
39
0
0
102
255
0
79
1
8
0
1
6
3
4
14
0
255
0
41
99
0
255
4
21
7
0
0
37
255
0
0
255
0
71
179
0
0
0
45
0
0
191
64
255
255
0
0
84
0
26
0
30
43
2
0
0
140
255
0
255
0
6
53
0
0
255
0
0
35
37
19
15
16
5
2
14
15
0
255
0
39
103
0
255
0
31
17
0
15
61
255
0
0
255
80
88
0
0
36
0
0
0
118
69
155
0
0
0
74
36
0
0
0
41
21
11
131
0
255
255
0
255
0
26
29
0
39
255
0
30
0
0
0
0
39
30
16
9
5
0
255
0
44
99
0
255
7
23
17
0
2
255
255
255
0
255
255
0
0
0
63
7
0
0
0
50
255
0
134
0
0
0
0
20
0
47
19
14
93
0
255
128
0
255
0
31
0
0
255
0
0
42
17
10
0
0
0
0
0
28
0
0
255
0
49
102
0
255
0
22
9
0
0
255
0
255
255
0
255
0
76
0
115
0
16
19
81
255
0
0
99
0
255
0
0
0
0
20
7
54
0
0
255
0
255
255
0
48
0
0
255
0
67
6
7
41
35
8
0
0
0
0
35
0
255
0
46
106
0
255
8
40
4
0
191
255
0
255
158
255
126
0
139
0
9
0
0
255
255
0
0
0
0
0
0
255
255
255
0
3
0
0
0
255
255
0
115
128
0
8
0
64
255
0
49
0
0
0
12
0
13
43
25
9
18
0
255
0
50
90
0
255
0
21
1
0
255
0
0
255
0
0
58
148
0
94
0
186
0
203
0
0
0
0
255
255
255
255
0
255
0
27
0
255
187
4
0
0
30
221
0
0
0
255
0
0
7
0
1
0
5
6
10
34
16
19
10
0
255
0
51
107
0
255
2
29
22
87
255
0
255
62
0
0
0
217
0
0
70
0
91
255
0
0
0
255
255
255
255
0
255
255
0
128
0
255
255
255
0
0
241
255
155
0
0
255
0
60
4
0
0
0
6
7
3
0
0
0
41
0
255
0
60
110
0
255
22
255
92
255
0
0
255
0
0
0
11
255
0
0
9
0
244
0
0
0
255
0
0
255
0
0
0
255
0
196
0
0
0
255
0
0
255
0
255
0
86
255
0
23
0
0
26
14
16
1
0
0
0
50
13
0
255
0
58
119
0
255
0
255
0
255
255
217
75
247
0
0
69
126
0
0
0
64
255
0
0
255
0
0
0
0
0
32
0
0
0
121
216
0
0
255
0
0
255
0
255
0
255
0
0
9
0
7
0
2
6
0
0
14
123
63
11
0
255
0
57
113
0
255
0
255
0
255
0
0
174
169
0
0
139
52
171
0
0
255
0
0
255
255
0
39
67
85
56
87
21
3
0
16
240
0
0
255
251
0
255
0
255
0
255
0
57
0
0
12
0
7
0
0
21
129
43
0
1
0
255
0
54
100
0
255
216
255
255
226
0
0
144
0
0
0
0
0
255
230
0
255
0
255
0
255
0
0
10
58
44
44
0
0
0
0
255
0
0
0
162
0
255
0
255
67
255
0
26
7
0
0
0
13
0
0
126
8
0
7
21
0
255
0
37
89
0
255
255
0
135
144
0
0
226
0
0
0
77
149
0
255
174
0
0
68
0
255
0
3
8
21
32
52
0
0
255
0
255
0
0
255
63
30
255
0
255
226
0
0
8
6
0
0
4
0
0
102
46
0
24
38
29
0
255
0
49
99
0
255
255
255
98
71
0
0
188
0
0
0
131
255
168
93
255
0
255
13
6
255
0
0
1
0
8
37
0
0
0
0
158
0
0
255
0
76
227
0
255
255
0
57
0
0
6
16
16
0
0
125
0
22
16
0
26
0
255
0
35
102
0
255
0
104
0
124
0
0
76
216
0
0
0
255
0
255
0
255
0
0
55
255
255
0
21
0
12
43
0
255
255
255
0
0
0
255
0
70
24
255
255
255
0
27
0
0
4
0
13
0
65
53
1
11
7
8
38
0
255
0
14
108
0
255
0
207
0
0
0
0
106
198
0
255
2
255
0
255
0
194
4
0
111
255
255
0
11
0
27
57
0
0
0
0
0
0
255
39
0
131
0
93
255
0
0
16
0
0
5
8
0
0
120
10
28
0
6
7
11
0
255
0
6
102
0
255
0
209
0
101
0
0
0
0
165
108
255
0
0
255
90
120
58
0
120
255
0
0
17
0
0
0
0
0
51
255
195
0
255
0
0
98
0
189
255
0
52
8
0
0
0
9
0
0
119
28
12
0
0
4
2
0
255
0
23
103
0
255
33
154
0
0
0
79
0
0
83
255
0
0
255
198
0
0
79
0
72
255
0
0
0
0
255
255
0
255
0
0
0
0
255
0
0
96
0
255
0
0
37
0
0
2
0
8
0
0
127
36
0
0
3
15
0
0
255
0
42
92
0
255
3
128
0
0
0
169
0
23
104
255
0
0
255
0
0
0
30
0
38
217
255
255
0
0
0
255
255
0
0
0
0
255
128
0
0
100
0
255
0
0
32
0
1
0
0
24
0
0
167
8
0
0
18
13
0
0
255
0
58
100
0
255
180
0
105
0
0
230
1
0
255
0
0
0
255
0
0
0
36
0
48
0
63
255
0
0
0
0
0
0
0
0
255
32
0
0
0
70
14
255
0
0
15
3
11
14
5
18
0
0
196
0
20
16
0
0
0
32
255
0
51
84
0
255
189
0
0
0
0
255
112
0
189
255
0
255
110
13
0
0
0
3
0
0
0
255
255
0
0
10
25
102
80
0
255
0
14
0
0
79
10
255
0
0
33
2
5
16
4
0
0
0
193
0
7
1
23
66
0
14
255
0
55
101
0
255
32
0
73
19
0
182
0
147
255
255
255
34
0
51
0
0
0
9
0
0
0
0
229
255
0
39
80
63
84
0
255
0
48
0
9
75
4
255
0
0
0
0
29
23
5
0
255
0
167
0
30
80
0
0
0
0
255
0
51
72
0
255
248
0
32
0
0
255
0
0
231
0
255
145
92
85
0
0
0
0
23
0
0
0
193
255
0
0
22
21
0
0
255
219
147
0
18
93
21
255
0
255
255
0
0
0
0
0
255
0
96
0
64
0
0
255
88
0
255
0
52
64
0
255
16
0
69
0
0
44
98
76
220
226
255
0
127
32
4
0
3
0
2
0
0
149
255
0
0
20
0
0
26
0
0
0
255
134
212
87
0
255
0
0
255
255
255
255
255
255
255
0
13
67
0
0
255
88
255
164
255
0
52
59
0
255
148
0
238
0
167
0
100
75
0
255
255
255
255
0
0
0
0
5
0
23
0
78
255
255
0
0
0
0
31
51
49
0
0
0
255
239
0
255
0
0
0
0
255
255
100
250
255
0
46
0
0
255
156
33
0
255
255
0
80
64
0
0
19
0
4
0
0
0
13
0
0
255
0
255
255
0
0
13
0
37
0
152
0
255
255
0
0
0
0
22
3
5
0
2
91
61
0
178
0
255
0
26
7
0
0
0
255
255
0
0
126
0
255
213
18
88
0
0
255
0
93
65
0
255
0
37
0
0
159
0
0
56
0
196
255
0
117
164
0
8
0
38
0
246
0
255
0
0
10
0
0
4
0
0
0
0
0
65
0
255
0
255
0
12
3
5
24
0
255
0
0
168
0
0
255
17
78
0
0
0
255
0
83
76
0
255
0
42
0
0
99
0
10
0
97
0
255
255
255
255
0
69
0
0
0
200
0
255
0
9
1
0
3
0
0
3
0
0
11
12
0
0
0
255
0
19
7
1
0
0
255
0
80
137
0
255
168
80
0
0
0
0
255
0
98
88
0
255
0
0
0
227
0
0
0
0
0
251
255
0
0
255
0
0
0
0
0
255
0
255
0
11
0
0
6
0
2
0
1
1
12
12
33
0
255
255
0
3
7
3
0
255
0
6
40
180
0
255
0
85
0
50
0
0
255
0
87
42
0
255
0
0
2
5
20
13
0
0
0
122
0
255
255
255
129
150
0
0
71
227
0
255
0
24
0
0
0
0
2
0
0
6
13
9
0
25
0
255
0
0
0
3
0
255
0
191
57
0
0
255
32
10
0
22
255
0
255
0
102
75
0
255
0
0
55
0
0
0
0
0
31
255
255
255
0
0
0
22
0
0
128
170
250
0
0
7
2
0
0
0
0
0
0
0
12
8
2
128
0
0
0
0
0
29
0
0
0
56
172
0
255
224
0
0
39
1
255
0
255
0
105
64
0
255
0
39
0
14
41
4
0
5
0
0
0
0
255
0
0
0
0
22
169
0
255
0
17
21
9
0
0
2
5
0
0
0
7
11
22
42
29
255
255
255
0
0
0
0
0
0
59
0
255
5
0
46
0
52
255
0
255
0
98
79
0
255
0
0
28
5
0
26
0
0
29
255
0
0
0
0
0
0
0
153
145
0
255
0
7
7
8
0
0
0
4
0
0
0
0
10
19
11
0
0
255
116
255
255
255
0
0
49
0
255
74
0
29
5
8
93
255
0
255
0
111
93
0
255
0
11
2
0
16
31
0
0
0
23
255
183
0
0
0
0
95
214
0
255
0
0
0
0
13
3
0
0
0
0
0
0
0
12
18
4
149
0
255
84
0
0
0
255
0
34
0
208
0
23
54
0
82
31
255
0
255
0
110
109
0
255
0
0
0
0
4
0
0
10
0
0
51
17
0
0
0
100
135
0
92
255
0
14
9
0
6
5
0
0
0
0
0
0
0
0
5
17
65
0
255
43
44
9
0
255
0
0
255
77
0
119
0
0
115
0
255
0
0
0
107
121
0
255
0
26
0
0
66
0
180
0
0
0
235
40
0
0
0
0
0
34
255
0
0
3
0
6
5
22
3
0
0
0
0
0
0
3
6
10
29
0
255
173
39
1
0
255
0
255
144
0
165
0
0
128
95
0
255
0
28
0
117
138
0
255
0
0
0
0
59
0
247
0
23
9
19
57
0
0
29
132
90
69
255
0
0
5
0
5
0
9
9
10
0
0
0
0
0
0
0
0
16
0
0
255
43
44
22
255
255
255
0
66
0
0
48
174
4
0
