160
159
156
155
159
170
168
132
95
104
106
107
107
114
122
126
130
131
130
132
133
133
133
133
134
133
133
131
132
131
134
132
132
131
130
129
129
128
121
110
121
149
159
152
154
155
153
153
155
156
178
215
191
107
118
121
122
122
124
123
125
125
120
136
156
157
156
154
162
169
163
127
92
100
106
104
104
113
121
126
128
130
131
130
132
133
132
132
132
131
131
129
131
129
133
131
131
130
128
128
128
128
122
113
109
139
157
157
158
158
155
155
154
153
156
204
215
139
112
119
121
121
123
124
126
129
97
50
156
157
157
157
166
165
158
129
92
100
106
104
104
113
120
125
128
130
131
131
131
132
132
131
132
131
131
131
131
129
134
132
131
129
129
127
129
128
124
117
107
126
153
162
161
162
158
156
153
152
150
171
215
198
112
116
120
122
124
128
133
93
49
49
157
159
159
164
166
160
159
127
90
100
105
104
105
111
121
124
127
128
128
129
130
130
129
131
133
127
124
127
126
126
129
131
131
127
127
127
126
127
124
118
109
123
150
161
160
159
158
156
155
154
151
148
198
219
158
112
121
122
123
130
90
49
47
52
159
161
164
167
164
159
159
127
90
100
104
103
103
112
119
122
126
127
126
128
129
129
130
129
130
126
123
124
124
122
127
129
131
127
128
126
126
127
124
117
110
121
144
155
158
158
157
156
156
155
152
148
160
215
214
122
114
122
128
90
46
54
52
51
161
163
165
157
159
160
159
126
88
99
104
103
103
112
120
122
124
126
126
128
127
129
129
128
129
127
129
134
139
135
125
124
126
127
129
127
127
126
123
116
112
119
141
149
154
156
154
154
155
152
148
145
142
192
222
178
108
118
90
46
50
56
50
46
161
167
155
141
158
162
161
127
87
97
104
103
105
113
121
123
126
126
128
129
128
128
129
131
143
145
156
168
178
177
181
168
140
120
127
128
126
125
121
116
110
118
141
145
149
154
152
152
151
147
143
141
141
154
213
220
142
88
44
48
54
52
47
47
165
165
133
127
161
165
161
128
83
93
99
100
104
112
118
122
123
125
126
128
132
138
127
133
137
145
151
162
170
177
183
188
194
170
124
121
122
122
117
112
106
118
142
146
147
150
151
146
145
144
142
141
141
140
179
224
177
43
46
54
51
50
48
49
171
151
97
122
162
165
160
126
79
90
98
100
103
108
115
117
122
124
124
132
115
121
122
131
131
136
143
155
172
179
183
189
192
196
189
135
110
114
114
110
105
115
145
150
145
142
146
145
142
145
143
142
143
144
150
197
80
44
51
53
49
49
51
44
164
124
82
123
162
167
159
125
78
92
100
100
101
108
115
116
120
122
127
122
111
117
124
127
133
135
140
149
164
179
186
190
194
193
195
203
170
104
108
105
103
114
148
155
148
126
126
147
145
146
143
144
145
148
151
75
44
50
51
47
52
53
57
87
145
93
86
124
161
167
159
123
80
92
99
101
102
108
114
118
121
123
122
110
116
120
121
124
132
135
138
145
163
182
187
183
190
202
209
210
217
169
92
99
98
112
146
154
151
117
84
135
146
145
143
145
145
151
99
42
49
53
47
51
51
67
85
149
110
88
88
123
159
167
159
122
81
94
99
101
102
108
115
118
122
122
110
113
117
115
118
127
136
140
142
145
160
173
175
196
207
205
203
207
211
220
133
86
92
111
147
155
152
123
54
105
145
145
143
145
147
130
50
48
54
49
53
49
60
92
142
147
89
91
89
121
158
166
159
123
80
93
99
100
102
107
116
118
124
115
113
113
116
119
127
133
138
140
137
141
153
172
197
201
200
197
203
204
207
210
214
147
77
107
146
154
153
122
52
66
127
146
142
145
148
65
43
56
51
51
50
54
76
137
148
162
90
92
90
122
157
164
160
124
81
91
98
101
101
108
115
115
138
104
111
113
116
122
133
139
137
138
128
139
178
192
192
190
195
203
204
205
206
206
211
218
110
99
144
154
153
123
55
43
84
137
146
147
100
44
51
54
51
52
52
57
131
141
158
163
91
90
86
119
158
164
160
125
79
89
96
98
102
107
112
118
148
104
111
113
118
128
135
134
134
121
144
182
181
184
183
195
196
199
200
202
203
207
208
214
196
89
143
153
154
124
55
41
96
197
209
205
53
49
55
55
53
53
48
113
144
156
160
158
91
94
91
118
158
166
160
123
76
87
98
100
101
106
112
147
135
103
111
113
124
125
125
130
119
154
174
170
177
179
189
188
191
192
198
200
200
202
206
206
215
133
141
156
153
119
47
127
192
210
215
223
90
48
53
49
48
53
84
147
151
160
159
158
97
99
96
119
158
167
163
126
80
91
100
102
103
109
111
166
124
102
107
117
120
123
129
120
151
160
164
174
181
181
182
178
184
192
195
197
197
189
200
203
203
204
157
153
148
121
168
195
209
205
205
221
95
51
51
47
52
50
139
149
160
157
157
156
100
99
99
122
158
169
167
128
81
92
100
101
100
106
104
175
122
104
104
111
119
122
122
145
150
148
163
174
170
178
171
177
181
182
187
189
182
188
196
196
195
193
189
153
177
196
199
205
202
203
210
221
72
51
48
47
53
103
149
158
159
157
156
154
100
99
99
122
161
173
170
129
80
92
99
99
99
104
100
194
135
110
106
112
120
121
143
144
139
152
158
167
169
167
174
175
173
179
183
181
186
189
186
182
184
177
190
192
197
203
202
200
204
196
208
209
46
51
47
51
77
145
152
160
158
157
156
155
98
97
97
121
162
172
169
130
82
93
99
99
99
103
103
194
150
127
104
111
116
137
141
133
148
148
149
159
167
169
169
171
167
166
173
179
182
179
179
170
174
185
192
200
198
198
200
203
197
167
183
148
47
50
47
57
120
149
160
160
159
158
158
157
97
95
96
124
162
171
168
131
82
93
99
98
99
100
107
189
157
137
108
110
136
133
128
143
140
144
148
156
158
161
162
162
160
164
167
168
168
168
163
176
186
195
196
194
196
201
202
207
171
158
174
87
48
48
50
89
148
154
160
158
158
157
157
157
98
97
101
126
162
172
169
133
79
92
97
97
98
98
111
198
168
150
120
127
130
126
139
136
134
142
148
134
127
127
141
134
153
155
154
141
149
160
179
191
196
190
194
198
202
203
206
192
133
118
179
42
50
54
56
130
149
159
158
156
156
156
156
154
100
99
104
129
164
173
170
134
78
90
98
100
99
99
103
203
180
138
123
119
118
136
131
129
133
140
130
125
107
89
138
105
91
88
61
59
128
176
193
195
195
193
198
200
204
196
155
108
100
172
101
48
47
50
79
146
156
160
159
157
155
155
154
154
103
99
104
129
163
172
170
134
80
91
97
99
99
97
89
197
186
134
134
111
133
129
128
130
136
123
124
99
79
64
101
86
89
70
47
125
169
187
193
190
192
193
196
196
163
99
100
132
176
95
47
49
50
54
121
150
163
161
160
158
157
155
154
153
106
103
102
127
162
171
169
135
79
90
97
99
98
99
95
162
194
155
126
128
126
123
125
128
124
108
75
65
51
81
71
91
69
77
132
175
184
183
182
184
190
194
152
104
120
154
167
181
99
47
54
49
51
69
144
158
165
164
161
159
156
156
155
153
107
103
100
122
163
172
170
136
77
88
96
97
98
102
104
112
200
175
122
126
122
126
126
123
86
78
60
75
48
67
60
71
92
118
178
191
181
180
176
183
188
175
84
103
122
155
173
85
45
52
55
47
53
103
140
166
164
163
163
160
158
157
155
153
107
103
97
117
161
172
172
137
77
87
96
97
98
103
110
100
175
186
126
116
123
125
120
90
67
81
55
76
61
51
59
76
105
155
182
178
175
175
176
190
194
196
122
81
108
148
72
45
53
57
50
48
62
125
146
167
164
164
162
161
160
158
156
153
105
103
96
115
160
173
172
138
78
89
98
100
99
104
113
107
168
165
113
118
123
123
77
65
47
66
67
65
88
48
59
117
145
182
183
164
174
168
189
199
200
203
150
59
80
148
55
48
55
60
47
49
90
135
152
161
164
162
162
162
160
158
157
153
104
102
96
115
160
173
173
139
81
90
101
103
101
110
119
114
137
151
115
124
114
70
53
63
56
52
58
83
81
48
129
170
158
178
176
165
162
179
194
201
205
210
178
72
53
140
61
54
59
58
48
50
124
146
157
152
151
154
156
160
159
157
155
152
103
100
94
113
160
174
173
139
82
92
101
104
103
110
116
117
119
132
127
126
76
64
48
63
59
56
56
69
62
116
158
180
166
179
161
160
172
180
195
200
205
211
197
97
44
128
66
56
61
54
51
70
138
158
162
160
158
154
147
147
148
150
153
151
101
99
96
113
160
175
174
138
82
91
101
103
102
109
118
128
117
106
131
97
70
73
46
68
48
59
63
57
94
154
169
178
178
127
134
156
177
177
188
194
199
206
195
95
42
109
85
62
63
51
50
105
139
161
160
160
163
160
154
150
146
144
143
144
102
102
96
111
160
175
175
141
82
92
102
101
101
107
119
144
109
92
103
74
70
83
51
58
56
50
68
70
149
182
172
172
130
130
121
90
123
167
180
191
187
144
107
89
48
93
100
63
58
51
56
126
147
160
157
156
157
158
154
154
155
150
144
135
99
98
90
107
160
176
174
141
81
89
100
99
96
126
150
151
126
71
71
88
92
55
68
43
75
52
43
128
175
195
160
73
58
56
76
78
127
146
175
199
122
73
60
60
48
85
112
63
52
51
68
138
156
156
155
155
155
155
154
153
153
147
143
137
98
95
84
101
160
177
177
140
83
94
101
101
89
122
165
124
70
67
65
67
104
47
51
62
47
46
82
157
187
180
105
62
86
82
195
107
115
136
181
173
78
96
115
48
46
82
121
68
50
50
99
143
158
155
153
153
153
153
151
148
145
138
132
142
102
96
83
99
160
179
179
143
88
99
109
88
104
145
136
70
79
66
72
87
113
66
45
50
47
50
137
179
177
124
136
129
121
141
165
147
124
132
187
172
132
135
89
62
51
78
130
68
49
56
123
149
155
152
151
155
153
151
146
141
138
146
170
184
99
89
77
93
159
179
181
146
87
99
109
128
127
82
57
67
106
72
65
94
105
75
47
48
44
99
166
179
106
132
151
156
153
153
162
155
134
129
180
197
153
132
109
77
51
71
140
61
50
63
134
155
154
151
152
150
149
146
141
136
165
189
190
189
90
82
70
89
158
178
180
145
86
98
121
131
109
80
69
102
98
47
60
89
92
98
53
46
65
139
188
87
113
132
152
167
175
174
173
156
141
129
169
204
163
140
126
84
56
62
150
52
48
88
141
157
153
151
151
148
146
141
135
166
195
195
190
194
79
75
66
87
157
176
177
145
86
98
111
107
94
83
74
104
67
50
49
57
51
115
75
39
103
177
114
66
118
132
146
161
175
176
169
152
141
129
161
207
162
144
128
75
55
56
153
53
53
114
152
156
154
150
148
146
144
137
150
192
193
195
200
203
77
74
61
84
156
173
175
144
81
113
128
90
106
76
85
114
79
55
42
73
73
135
88
52
137
168
44
72
114
130
143
155
165
169
164
144
132
124
150
211
157
142
125
59
61
52
144
69
55
134
157
155
153
150
147
145
140
136
182
194
195
204
208
204
81
75
57
78
156
174
176
146
83
109
117
83
95
76
85
115
77
52
46
83
106
71
43
114
155
71
47
81
111
129
139
149
154
160
157
133
131
130
143
210
154
140
110
47
64
50
131
87
72
144
157
153
150
150
149
145
137
155
195
195
204
207
206
207
81
76
64
92
157
173
177
147
91
96
109
82
95
81
73
105
114
51
61
48
84
48
79
176
115
42
50
91
113
127
137
147
151
156
156
137
122
108
122
180
149
136
75
49
65
53
115
97
101
150
155
151
150
149
146
144
136
176
196
201
206
208
209
208
78
77
69
113
160
171
178
149
85
94
119
68
76
75
78
105
117
74
101
51
81
131
117
139
48
59
54
100
117
127
135
143
147
154
157
151
140
153
171
179
147
121
51
54
75
58
98
108
128
153
154
151
149
148
146
142
138
188
198
207
206
209
210
209
72
71
67
115
160
171
178
150
84
100
119
77
82
63
71
84
92
113
77
73
137
152
112
61
50
60
49
100
115
128
134
141
141
147
150
148
152
189
191
178
142
84
49
57
75
58
80
122
140
154
153
149
148
146
145
140
142
193
205
208
208
208
211
211
61
66
67
113
162
174
179
150
87
107
113
65
67
64
90
88
81
106
91
155
176
113
82
58
48
63
51
90
104
128
131
139
141
119
123
129
126
133
139
130
130
51
51
61
77
62
66
135
145
155
152
148
148
146
144
139
145
199
210
209
209
211
213
213
56
62
70
117
163
177
179
150
110
101
109
72
51
75
109
87
98
86
127
161
133
119
51
48
51
59
57
80
92
119
125
134
145
135
121
125
144
159
154
142
85
49
48
60
80
67
58
149
150
156
153
151
148
146
145
137
151
208
211
211
211
213
212
210
53
54
71
111
159
178
180
152
79
116
84
86
58
70
122
107
89
117
131
154
147
58
55
52
53
60
59
74
75
105
117
128
137
141
132
128
128
134
144
123
50
50
55
62
79
72
60
154
152
155
154
153
151
147
143
134
153
215
213
215
214
209
207
207
50
50
85
116
154
176
178
150
80
107
78
70
61
55
122
121
107
106
106
160
70
51
56
52
52
54
59
58
64
80
105
125
135
139
144
150
162
158
148
74
46
55
57
64
83
74
61
159
151
156
153
152
151
146
141
130
156
218
214
214
212
211
209
208
49
47
81
118
155
175
178
151
79
90
61
74
63
52
108
79
122
123
120
90
55
52
61
54
52
50
56
58
61
60
67
103
125
138
150
164
167
165
136
53
54
60
54
71
86
77
64
160
148
152
150
150
149
144
138
127
170
219
211
214
212
206
196
162
50
44
67
107
156
173
175
145
114
110
59
66
61
46
121
86
95
112
139
120
69
50
68
54
50
51
50
59
59
69
79
99
116
128
143
155
161
158
146
75
56
57
53
72
90
82
72
155
118
125
132
139
145
142
135
121
192
214
210
209
200
150
71
51
80
56
59
84
150
171
173
162
99
84
46
70
62
68
90
107
108
104
110
104
129
63
67
58
51
52
51
57
57
66
110
126
129
136
143
144
146
168
193
199
158
85
45
72
87
80
79
148
129
123
115
109
111
116
119
113
199
206
209
203
149
62
62
82
134
107
75
65
145
170
174
150
122
65
41
88
68
90
61
97
100
87
117
127
98
93
59
59
52
52
56
56
66
62
107
123
127
137
140
141
152
173
189
194
202
205
133
61
79
73
83
147
144
140
134
124
112
99
114
95
195
209
207
147
66
76
86
86
130
147
110
64
146
174
175
158
138
48
50
60
69
66
69
75
66
81
108
136
103
108
69
60
56
54
60
61
85
61
109
121
133
139
140
144
158
168
179
187
196
205
212
148
59
69
88
144
147
143
141
137
129
121
126
129
208
213
189
78
88
92
103
92
76
154
143
64
148
177
177
156
108
42
55
54
51
82
50
64
80
82
96
120
136
85
97
53
56
49
60
55
101
66
105
130
135
139
141
146
155
163
172
181
191
201
209
217
104
55
93
142
146
144
141
139
134
127
135
165
214
211
145
85
96
107
96
101
47
149
154
56
147
177
179
155
102
47
54
48
60
76
56
60
65
91
91
119
124
76
106
55
63
50
55
58
104
72
109
130
136
138
140
146
152
159
169
178
188
200
209
215
191
42
102
145
147
144
140
135
131
126
176
203
215
200
108
95
108
98
97
102
37
139
157
56
147
178
180
156
88
53
46
45
88
65
57
48
50
72
95
118
130
130
94
57
60
55
53
79
121
80
112
133
137
137
138
144
149
157
164
175
186
198
207
213
219
75
110
148
145
143
139
134
126
145
213
211
215
164
97
99
110
94
103
97
35
132
160
63
145
176
175
156
91
47
48
57
62
64
57
47
54
67
78
129
100
96
87
85
79
55
56
102
126
79
119
134
140
137
135
140
146
154
161
170
183
195
204
210
216
129
120
147
143
140
139
134
126
159
210
212
204
131
102
103
100
98
99
89
37
116
163
72
142
176
178
158
94
47
50
61
54
57
52
53
58
73
88
116
105
85
55
57
62
51
71
115
124
81
129
139
140
139
136
138
144
151
158
166
177
191
201
208
213
180
129
143
143
143
141
135
132
147
189
213
184
114
99
96
89
101
94
94
37
104
162
84
138
175
177
156
106
48
56
48
58
61
55
51
61
72
75
77
74
120
54
50
46
51
91
121
101
97
135
140
143
141
138
138
143
149
154
162
172
186
198
208
212
213
126
97
114
131
138
139
146
141
159
215
159
101
94
83
99
94
96
80
36
95
172
95
133
173
178
158
98
53
46
56
56
57
58
47
54
75
117
83
85
60
47
46
43
70
111
116
70
122
135
140
142
142
139
136
140
146
151
159
168
180
194
205
211
216
132
87
82
79
80
94
137
156
183
204
114
75
85
94
94
95
96
62
73
106
177
111
132
174
179
153
95
48
52
52
52
59
60
48
50
54
88
124
101
47
44
42
52
92
117
77
95
133
138
139
141
143
141
138
138
141
148
155
163
175
189
201
208
214
172
99
102
87
65
44
121
184
199
157
67
74
88
96
84
102
87
59
90
125
176
125
131
174
181
148
93
48
50
52
50
60
63
57
62
63
68
97
83
46
44
43
77
99
72
85
125
134
138
140
140
143
143
141
140
139
145
151
160
168
182
195
206
212
206
94
105
99
86
72
126
200
148
70
66
80
99
78
92
105
81
65
68
106
169
132
129
174
182
155
68
48
55
53
59
69
64
89
64
61
74
109
78
45
44
48
64
76
107
123
128
132
136
138
141
143
146
144
142
141
143
149
157
166
178
190
201
210
214
114
97
105
101
106
120
136
83
78
79
102
79
76
110
101
68
61
56
82
180
159
130
175
183
145
59
50
54
59
61
73
56
102
64
74
77
81
79
44
48
78
106
116
124
127
130
131
135
137
140
141
145
146
146
145
145
149
154
163
173
184
195
206
211
144
91
107
115
117
112
103
107
89
94
79
75
102
115
83
59
56
50
69
192
181
131
173
181
141
55
50
61
67
66
84
66
81
85
82
62
64
86
68
72
99
114
121
126
127
130
131
135
135
139
141
145
145
146
149
148
151
155
163
169
180
192
201
208
179
90
99
115
126
119
128
111
90
84
85
94
125
94
55
58
87
